235 
0: 215 
1: 22 25 42 67 117 149 192 226 
2: 24 95 220 
3: 26 58 
4: 50 53 66 72 169 
5: 177 198 222 
6: 74 134 
7: 109 226 
8: 192 
9: 28 57 
10: 133 213 
11: 225 
12: 13 73 118 
13: 12 
14: 28 95 167 184 230 
15: 52 131 181 207 230 
16: 24 52 124 150 
17: 71 188 
18: 197 
19: 26 
20: 25 37 
21: 77 141 186 214 
22: 1 
23: 81 83 136 175 
24: 2 16 149 173 
25: 1 20 41 
26: 3 19 141 172 
27: 79 98 
28: 9 14 75 80 170 184 
29: 83 168 177 223 
30: 84 108 139 182 229 
31: 114 156 157 162 
32: 215 
33: 203 
34: 62 112 
35: 184 209 
36: 114 
37: 20 133 169 184 228 
38: 161 201 223 
39: 111 215 
40: 61 
41: 25 129 
42: 1 51 71 180 184 212 
43: 63 93 152 
44: 191 224 
45: 127 
46: 162 188 
47: 139 230 
48: 77 107 119 229 
49: 229 
50: 4 82 154 
51: 42 66 119 226 
52: 15 16 125 
53: 4 77 144 
54: 58 120 122 185 
55: 125 141 165 182 205 
56: 92 115 
57: 9 131 207 
58: 3 54 114 149 
59: 186 
60: 177 216 226 
61: 40 140 160 181 200 218 
62: 34 86 
63: 43 159 
64: 74 87 136 184 
65: 210 223 
66: 4 51 81 111 
67: 1 121 164 211 
68: 92 
69: 145 198 
70: 168 
71: 17 42 148 
72: 4 176 
73: 12 86 173 
74: 6 64 131 189 196 197 227 229 
75: 28 124 168 177 189 209 
76: 103 127 
77: 21 48 53 129 
78: 122 201 
79: 27 96 232 
80: 28 222 
81: 23 66 
82: 50 160 165 171 
83: 23 29 97 137 
84: 30 102 232 
85: 91 142 144 189 
86: 62 73 92 192 
87: 64 
88: 104 
89: 144 150 189 213 
90: 98 113 218 225 
91: 85 113 174 187 
92: 56 68 86 233 
93: 43 96 
94: 148 224 
95: 2 14 198 
96: 79 93 97 151 208 
97: 83 96 234 
98: 27 90 
99: 171 
100: 118 142 
101: 105 
102: 84 234 
103: 76 121 135 141 190 
104: 88 
105: 101 157 
106: 137 
107: 48 118 140 
108: 30 210 219 
109: 7 158 
110: 117 119 230 
111: 39 66 
112: 34 
113: 90 91 177 217 
114: 31 36 58 200 
115: 56 
116: 227 
117: 1 110 132 135 162 
118: 12 100 107 200 
119: 48 51 110 141 
120: 54 
121: 67 103 154 
122: 54 78 
123: 168 197 
124: 16 75 139 167 179 218 
125: 52 55 203 
126: 208 217 
127: 45 76 
128: 206 
129: 41 77 131 140 166 197 
130: 136 
131: 15 57 74 129 138 
132: 117 168 
133: 10 37 171 228 
134: 6 137 151 
135: 103 117 138 174 209 233 
136: 23 64 130 202 
137: 83 106 134 163 
138: 131 135 
139: 30 47 124 
140: 61 107 129 176 202 
141: 21 26 55 103 119 
142: 85 100 
143: 160 191 201 206 210 233 
144: 53 85 89 169 204 210 
145: 69 152 
146: 201 
147: 164 216 
148: 71 94 
149: 1 24 58 
150: 16 89 
151: 96 134 157 178 225 
152: 43 145 
153: 226 
154: 50 121 191 201 
155: 196 
156: 31 225 
157: 31 105 151 179 194 
158: 109 
159: 63 
160: 61 82 143 214 
161: 38 
162: 31 46 117 
163: 137 216 233 
164: 67 147 191 
165: 55 82 175 204 
166: 129 
167: 14 124 191 
168: 29 70 75 123 132 196 233 
169: 4 37 144 202 
170: 28 176 202 230 
171: 82 99 133 
172: 26 
173: 24 73 
174: 91 135 
175: 23 165 
176: 72 140 170 229 
177: 5 29 60 75 113 179 213 
178: 151 213 220 
179: 124 157 177 
180: 42 198 
181: 15 61 195 
182: 30 55 225 
183: 206 229 
184: 14 28 35 37 42 64 
185: 54 194 221 
186: 21 59 220 
187: 91 
188: 17 46 
189: 74 75 85 89 
190: 103 195 199 232 
191: 44 143 154 164 167 
192: 1 8 86 228 
193: 212 
194: 157 185 
195: 181 190 228 
196: 74 155 168 221 
197: 18 74 123 129 
198: 5 69 95 180 
199: 190 
200: 61 114 118 
201: 38 78 143 146 154 
202: 136 140 169 170 
203: 33 125 224 
204: 144 165 
205: 55 
206: 128 143 183 
207: 15 57 216 
208: 96 126 
209: 35 75 135 
210: 65 108 143 144 
211: 67 
212: 42 193 
213: 10 89 177 178 
214: 21 160 
215: 0 32 39 
216: 60 147 163 207 
217: 113 126 
218: 61 90 124 231 
219: 108 231 
220: 2 178 186 
221: 185 196 
222: 5 80 227 
223: 29 38 65 
224: 44 94 203 
225: 11 90 151 156 182 
226: 1 7 51 60 153 
227: 74 116 222 
228: 37 133 192 195 
229: 30 48 49 74 176 183 
230: 14 15 47 110 170 
231: 218 219 
232: 79 84 190 
233: 92 135 143 163 168 
234: 97 102