879
0: 1 878 2 877 3 876 
1: 0 2 3 878 4 877 
878: 0 1 2 875 876 877 
2: 0 1 3 4 5 878 775 
877: 0 1 874 875 876 878 
3: 0 1 2 4 5 6 137 
876: 0 468 873 874 875 877 878 
4: 1 2 3 5 6 7 121 680 
5: 2 3 4 6 7 8 
775: 2 320 772 773 774 776 777 778 
6: 3 4 5 7 8 9 
137: 3 134 135 136 138 139 140 
7: 4 5 6 8 9 10 348 
121: 4 118 119 120 122 123 124 
680: 4 61 677 678 679 681 682 683 
8: 5 6 7 9 10 11 
9: 6 7 8 10 11 12 107 
10: 7 8 9 11 12 13 
348: 7 345 346 347 349 350 351 
11: 8 9 10 12 13 14 
12: 9 10 11 13 14 15 
107: 9 72 104 105 106 108 109 110 
13: 10 11 12 14 15 16 
14: 11 12 13 15 16 17 561 
15: 12 13 14 16 17 18 
16: 13 14 15 17 18 19 361 424 
17: 14 15 16 18 19 20 716 
561: 14 558 559 560 562 563 564 668 
18: 15 16 17 19 20 21 218 
19: 16 17 18 20 21 22 
361: 16 358 359 360 362 363 364 
424: 16 421 422 423 425 426 427 
20: 17 18 19 21 22 23 
716: 17 713 714 715 717 718 719 
21: 18 19 20 22 23 24 
218: 18 215 216 217 219 220 221 
22: 19 20 21 23 24 25 524 
23: 20 21 22 24 25 26 820 
24: 21 22 23 25 26 27 
25: 22 23 24 26 27 28 
524: 22 521 522 523 525 526 527 
26: 23 24 25 27 28 29 
820: 23 817 818 819 821 822 823 
27: 24 25 26 28 29 30 
28: 25 26 27 29 30 31 733 
29: 26 27 28 30 31 32 125 
30: 27 28 29 31 32 33 
31: 28 29 30 32 33 34 119 
733: 28 170 730 731 732 734 735 736 
32: 29 30 31 33 34 35 552 
125: 29 122 123 124 126 127 128 
33: 30 31 32 34 35 36 745 315 
34: 31 32 33 35 36 37 598 
119: 31 116 117 118 120 121 122 457 
35: 32 33 34 36 37 38 
552: 32 549 550 551 553 554 555 
36: 33 34 35 37 38 39 
745: 33 742 743 744 746 747 748 
315: 33 312 313 314 316 317 318 
37: 34 35 36 38 39 40 
598: 34 595 596 597 599 600 601 
38: 35 36 37 39 40 41 
39: 36 37 38 40 41 42 185 417 
40: 37 38 39 41 42 43 
41: 38 39 40 42 43 44 473 
42: 39 40 41 43 44 45 
185: 39 182 183 184 186 187 188 813 
417: 39 414 415 416 418 419 420 
43: 40 41 42 44 45 46 592 
44: 41 42 43 45 46 47 
473: 41 470 471 472 474 475 476 
45: 42 43 44 46 47 48 
46: 43 44 45 47 48 49 
592: 43 589 590 591 593 594 595 
47: 44 45 46 48 49 50 
48: 45 46 47 49 50 51 
49: 46 47 48 50 51 52 813 
50: 47 48 49 51 52 53 
51: 48 49 50 52 53 54 
52: 49 50 51 53 54 55 807 
813: 49 185 810 811 812 814 815 816 
53: 50 51 52 54 55 56 
54: 51 52 53 55 56 57 391 
55: 52 53 54 56 57 58 673 
807: 52 304 804 805 806 808 809 810 
56: 53 54 55 57 58 59 
57: 54 55 56 58 59 60 
391: 54 388 389 390 392 393 394 
58: 55 56 57 59 60 61 790 
673: 55 356 670 671 672 674 675 676 
59: 56 57 58 60 61 62 
60: 57 58 59 61 62 63 
61: 58 59 60 62 63 64 680 
790: 58 787 788 789 791 792 793 
62: 59 60 61 63 64 65 
63: 60 61 62 64 65 66 
64: 61 62 63 65 66 67 240 
65: 62 63 64 66 67 68 217 
66: 63 64 65 67 68 69 
67: 64 65 66 68 69 70 
240: 64 237 238 239 241 242 243 
68: 65 66 67 69 70 71 
217: 65 214 215 216 218 219 220 
69: 66 67 68 70 71 72 
70: 67 68 69 71 72 73 
71: 68 69 70 72 73 74 
72: 69 70 71 73 74 75 107 
73: 70 71 72 74 75 76 
74: 71 72 73 75 76 77 
75: 72 73 74 76 77 78 
76: 73 74 75 77 78 79 
77: 74 75 76 78 79 80 
78: 75 76 77 79 80 81 
79: 76 77 78 80 81 82 93 
80: 77 78 79 81 82 83 
81: 78 79 80 82 83 84 237 
82: 79 80 81 83 84 85 675 
93: 79 90 91 92 94 95 96 
83: 80 81 82 84 85 86 
84: 81 82 83 85 86 87 170 
237: 81 234 235 236 238 239 240 
85: 82 83 84 86 87 88 
675: 82 672 673 674 676 677 678 
86: 83 84 85 87 88 89 
87: 84 85 86 88 89 90 
170: 84 167 168 169 171 172 173 594 733 
88: 85 86 87 89 90 91 
89: 86 87 88 90 91 92 
90: 87 88 89 91 92 93 
91: 88 89 90 92 93 94 
92: 89 90 91 93 94 95 343 
94: 91 92 93 95 96 97 
95: 92 93 94 96 97 98 
343: 92 340 341 342 344 345 346 
96: 93 94 95 97 98 99 
97: 94 95 96 98 99 100 
98: 95 96 97 99 100 101 
99: 96 97 98 100 101 102 
100: 97 98 99 101 102 103 
101: 98 99 100 102 103 104 
102: 99 100 101 103 104 105 
103: 100 101 102 104 105 106 
104: 101 102 103 105 106 107 
105: 102 103 104 106 107 108 
106: 103 104 105 107 108 109 201 
108: 105 106 107 109 110 111 
109: 106 107 108 110 111 112 
201: 106 198 199 200 202 203 204 
110: 107 108 109 111 112 113 
111: 108 109 110 112 113 114 
112: 109 110 111 113 114 115 
113: 110 111 112 114 115 116 190 
114: 111 112 113 115 116 117 
115: 112 113 114 116 117 118 499 
116: 113 114 115 117 118 119 
190: 113 187 188 189 191 192 193 
117: 114 115 116 118 119 120 
118: 115 116 117 119 120 121 
499: 115 496 497 498 500 501 502 
120: 117 118 119 121 122 123 
122: 119 120 121 123 124 125 
457: 119 454 455 456 458 459 460 
123: 120 121 122 124 125 126 
124: 121 122 123 125 126 127 
126: 123 124 125 127 128 129 
127: 124 125 126 128 129 130 285 
128: 125 126 127 129 130 131 
129: 126 127 128 130 131 132 
130: 127 128 129 131 132 133 
285: 127 282 283 284 286 287 288 
131: 128 129 130 132 133 134 
132: 129 130 131 133 134 135 
133: 130 131 132 134 135 136 
134: 131 132 133 135 136 137 463 393 
135: 132 133 134 136 137 138 580 
136: 133 134 135 137 138 139 577 
463: 134 460 461 462 464 465 466 
393: 134 390 391 392 394 395 396 697 
138: 135 136 137 139 140 141 
580: 135 577 578 579 581 582 583 
139: 136 137 138 140 141 142 
577: 136 574 575 576 578 579 580 
140: 137 138 139 141 142 143 831 
141: 138 139 140 142 143 144 
142: 139 140 141 143 144 145 149 
143: 140 141 142 144 145 146 
831: 140 828 829 830 832 833 834 
144: 141 142 143 145 146 147 513 
145: 142 143 144 146 147 148 
149: 142 146 147 148 150 151 152 
146: 143 144 145 147 148 149 834 
147: 144 145 146 148 149 150 626 
513: 144 510 511 512 514 515 516 
148: 145 146 147 149 150 151 
834: 146 831 832 833 835 836 837 
150: 147 148 149 151 152 153 
626: 147 623 624 625 627 628 629 842 
151: 148 149 150 152 153 154 
152: 149 150 151 153 154 155 
153: 150 151 152 154 155 156 
154: 151 152 153 155 156 157 
155: 152 153 154 156 157 158 
156: 153 154 155 157 158 159 798 
157: 154 155 156 158 159 160 
158: 155 156 157 159 160 161 
159: 156 157 158 160 161 162 
798: 156 795 796 797 799 800 801 
160: 157 158 159 161 162 163 289 171 
161: 158 159 160 162 163 164 
162: 159 160 161 163 164 165 
163: 160 161 162 164 165 166 251 
289: 160 286 287 288 290 291 292 558 
171: 160 168 169 170 172 173 174 
164: 161 162 163 165 166 167 
165: 162 163 164 166 167 168 
166: 163 164 165 167 168 169 
251: 163 248 249 250 252 253 254 640 
167: 164 165 166 168 169 170 
168: 165 166 167 169 170 171 
169: 166 167 168 170 171 172 
172: 169 170 171 173 174 175 
173: 170 171 172 174 175 176 797 
594: 170 591 592 593 595 596 597 
174: 171 172 173 175 176 177 
175: 172 173 174 176 177 178 
176: 173 174 175 177 178 179 
797: 173 794 795 796 798 799 800 
177: 174 175 176 178 179 180 
178: 175 176 177 179 180 181 
179: 176 177 178 180 181 182 
180: 177 178 179 181 182 183 
181: 178 179 180 182 183 184 
182: 179 180 181 183 184 185 
183: 180 181 182 184 185 186 
184: 181 182 183 185 186 187 
186: 183 184 185 187 188 189 
187: 184 185 186 188 189 190 
188: 185 186 187 189 190 191 286 
189: 186 187 188 190 191 192 
191: 188 189 190 192 193 194 
286: 188 283 284 285 287 288 289 
192: 189 190 191 193 194 195 
193: 190 191 192 194 195 196 
194: 191 192 193 195 196 197 
195: 192 193 194 196 197 198 
196: 193 194 195 197 198 199 
197: 194 195 196 198 199 200 
198: 195 196 197 199 200 201 708 
199: 196 197 198 200 201 202 
200: 197 198 199 201 202 203 241 381 
708: 198 705 706 707 709 710 711 
202: 199 200 201 203 204 205 
203: 200 201 202 204 205 206 
241: 200 238 239 240 242 243 244 
381: 200 378 379 380 382 383 384 
204: 201 202 203 205 206 207 
205: 202 203 204 206 207 208 250 
206: 203 204 205 207 208 209 
207: 204 205 206 208 209 210 482 
208: 205 206 207 209 210 211 
250: 205 247 248 249 251 252 253 
209: 206 207 208 210 211 212 
210: 207 208 209 211 212 213 
482: 207 479 480 481 483 484 485 
211: 208 209 210 212 213 214 
212: 209 210 211 213 214 215 
213: 210 211 212 214 215 216 
214: 211 212 213 215 216 217 
215: 212 213 214 216 217 218 
216: 213 214 215 217 218 219 275 
219: 216 217 218 220 221 222 
275: 216 272 273 274 276 277 278 402 379 
220: 217 218 219 221 222 223 
221: 218 219 220 222 223 224 
222: 219 220 221 223 224 225 
223: 220 221 222 224 225 226 
224: 221 222 223 225 226 227 
225: 222 223 224 226 227 228 
226: 223 224 225 227 228 229 
227: 224 225 226 228 229 230 
228: 225 226 227 229 230 231 665 
229: 226 227 228 230 231 232 
230: 227 228 229 231 232 233 
231: 228 229 230 232 233 234 
665: 228 662 663 664 666 667 668 
232: 229 230 231 233 234 235 
233: 230 231 232 234 235 236 
234: 231 232 233 235 236 237 
235: 232 233 234 236 237 238 
236: 233 234 235 237 238 239 
238: 235 236 237 239 240 241 
239: 236 237 238 240 241 242 648 
242: 239 240 241 243 244 245 498 
648: 239 645 646 647 649 650 651 
243: 240 241 242 244 245 246 316 
244: 241 242 243 245 246 247 
245: 242 243 244 246 247 248 610 
498: 242 495 496 497 499 500 501 
246: 243 244 245 247 248 249 
316: 243 313 314 315 317 318 319 664 
247: 244 245 246 248 249 250 
248: 245 246 247 249 250 251 
610: 245 607 608 609 611 612 613 
249: 246 247 248 250 251 252 478 661 
252: 249 250 251 253 254 255 
478: 249 475 476 477 479 480 481 
661: 249 658 659 660 662 663 664 
253: 250 251 252 254 255 256 
254: 251 252 253 255 256 257 
640: 251 637 638 639 641 642 643 
255: 252 253 254 256 257 258 
256: 253 254 255 257 258 259 
257: 254 255 256 258 259 260 
258: 255 256 257 259 260 261 
259: 256 257 258 260 261 262 
260: 257 258 259 261 262 263 
261: 258 259 260 262 263 264 742 
262: 259 260 261 263 264 265 414 
263: 260 261 262 264 265 266 
264: 261 262 263 265 266 267 
742: 261 739 740 741 743 744 745 
265: 262 263 264 266 267 268 
414: 262 388 411 412 413 415 416 417 
266: 263 264 265 267 268 269 
267: 264 265 266 268 269 270 
268: 265 266 267 269 270 271 
269: 266 267 268 270 271 272 
270: 267 268 269 271 272 273 
271: 268 269 270 272 273 274 
272: 269 270 271 273 274 275 
273: 270 271 272 274 275 276 
274: 271 272 273 275 276 277 
276: 273 274 275 277 278 279 861 
277: 274 275 276 278 279 280 
278: 275 276 277 279 280 281 
402: 275 372 399 400 401 403 404 405 
379: 275 376 377 378 380 381 382 
279: 276 277 278 280 281 282 
861: 276 744 858 859 860 862 863 864 
280: 277 278 279 281 282 283 310 
281: 278 279 280 282 283 284 
282: 279 280 281 283 284 285 
283: 280 281 282 284 285 286 
310: 280 307 308 309 311 312 313 
284: 281 282 283 285 286 287 
287: 284 285 286 288 289 290 
288: 285 286 287 289 290 291 
290: 287 288 289 291 292 293 
291: 288 289 290 292 293 294 
292: 289 290 291 293 294 295 597 
558: 289 555 556 557 559 560 561 
293: 290 291 292 294 295 296 
294: 291 292 293 295 296 297 
295: 292 293 294 296 297 298 
597: 292 594 595 596 598 599 600 
296: 293 294 295 297 298 299 
297: 294 295 296 298 299 300 
298: 295 296 297 299 300 301 
299: 296 297 298 300 301 302 
300: 297 298 299 301 302 303 
301: 298 299 300 302 303 304 812 
302: 299 300 301 303 304 305 
303: 300 301 302 304 305 306 
304: 301 302 303 305 306 307 807 
812: 301 809 810 811 813 814 815 
305: 302 303 304 306 307 308 
306: 303 304 305 307 308 309 
307: 304 305 306 308 309 310 
308: 305 306 307 309 310 311 
309: 306 307 308 310 311 312 
311: 308 309 310 312 313 314 
312: 309 310 311 313 314 315 
313: 310 311 312 314 315 316 
314: 311 312 313 315 316 317 
317: 314 315 316 318 319 320 
318: 315 316 317 319 320 321 
319: 316 317 318 320 321 322 
664: 316 661 662 663 665 666 667 852 
320: 317 318 319 321 322 323 775 
321: 318 319 320 322 323 324 
322: 319 320 321 323 324 325 
323: 320 321 322 324 325 326 
324: 321 322 323 325 326 327 
325: 322 323 324 326 327 328 
326: 323 324 325 327 328 329 
327: 324 325 326 328 329 330 
328: 325 326 327 329 330 331 
329: 326 327 328 330 331 332 548 
330: 327 328 329 331 332 333 
331: 328 329 330 332 333 334 
332: 329 330 331 333 334 335 
548: 329 545 546 547 549 550 551 
333: 330 331 332 334 335 336 
334: 331 332 333 335 336 337 
335: 332 333 334 336 337 338 
336: 333 334 335 337 338 339 
337: 334 335 336 338 339 340 
338: 335 336 337 339 340 341 459 
339: 336 337 338 340 341 342 
340: 337 338 339 341 342 343 
341: 338 339 340 342 343 344 
459: 338 456 457 458 460 461 462 
342: 339 340 341 343 344 345 
344: 341 342 343 345 346 347 
345: 342 343 344 346 347 348 
346: 343 344 345 347 348 349 
347: 344 345 346 348 349 350 819 
349: 346 347 348 350 351 352 
350: 347 348 349 351 352 353 
819: 347 816 817 818 820 821 822 
351: 348 349 350 352 353 354 
352: 349 350 351 353 354 355 
353: 350 351 352 354 355 356 
354: 351 352 353 355 356 357 
355: 352 353 354 356 357 358 
356: 353 354 355 357 358 359 673 
357: 354 355 356 358 359 360 
358: 355 356 357 359 360 361 
359: 356 357 358 360 361 362 
360: 357 358 359 361 362 363 
362: 359 360 361 363 364 365 
363: 360 361 362 364 365 366 
364: 361 362 363 365 366 367 
365: 362 363 364 366 367 368 
366: 363 364 365 367 368 369 863 786 
367: 364 365 366 368 369 370 
368: 365 366 367 369 370 371 
369: 366 367 368 370 371 372 
863: 366 860 861 862 864 865 866 
786: 366 783 784 785 787 788 789 
370: 367 368 369 371 372 373 
371: 368 369 370 372 373 374 
372: 369 370 371 373 374 375 402 
373: 370 371 372 374 375 376 493 
374: 371 372 373 375 376 377 
375: 372 373 374 376 377 378 
376: 373 374 375 377 378 379 
493: 373 490 491 492 494 495 496 556 
377: 374 375 376 378 379 380 
378: 375 376 377 379 380 381 
380: 377 378 379 381 382 383 
382: 379 380 381 383 384 385 
383: 380 381 382 384 385 386 
384: 381 382 383 385 386 387 
385: 382 383 384 386 387 388 
386: 383 384 385 387 388 389 
387: 384 385 386 388 389 390 
388: 385 386 387 389 390 391 414 
389: 386 387 388 390 391 392 
390: 387 388 389 391 392 393 
392: 389 390 391 393 394 395 
394: 391 392 393 395 396 397 
395: 392 393 394 396 397 398 
396: 393 394 395 397 398 399 
697: 393 694 695 696 698 699 700 
397: 394 395 396 398 399 400 
398: 395 396 397 399 400 401 751 741 
399: 396 397 398 400 401 402 
400: 397 398 399 401 402 403 
401: 398 399 400 402 403 404 
751: 398 748 749 750 752 753 754 
741: 398 614 738 739 740 742 743 744 
403: 400 401 402 404 405 406 
404: 401 402 403 405 406 407 
405: 402 403 404 406 407 408 
406: 403 404 405 407 408 409 
407: 404 405 406 408 409 410 
408: 405 406 407 409 410 411 
409: 406 407 408 410 411 412 
410: 407 408 409 411 412 413 
411: 408 409 410 412 413 414 
412: 409 410 411 413 414 415 656 
413: 410 411 412 414 415 416 
415: 412 413 414 416 417 418 
656: 412 653 654 655 657 658 659 
416: 413 414 415 417 418 419 
418: 415 416 417 419 420 421 
419: 416 417 418 420 421 422 
420: 417 418 419 421 422 423 
421: 418 419 420 422 423 424 
422: 419 420 421 423 424 425 545 
423: 420 421 422 424 425 426 
425: 422 423 424 426 427 428 
545: 422 542 543 544 546 547 548 
426: 423 424 425 427 428 429 
427: 424 425 426 428 429 430 635 
428: 425 426 427 429 430 431 
429: 426 427 428 430 431 432 
430: 427 428 429 431 432 433 
635: 427 632 633 634 636 637 638 
431: 428 429 430 432 433 434 
432: 429 430 431 433 434 435 
433: 430 431 432 434 435 436 
434: 431 432 433 435 436 437 
435: 432 433 434 436 437 438 
436: 433 434 435 437 438 439 
437: 434 435 436 438 439 440 
438: 435 436 437 439 440 441 
439: 436 437 438 440 441 442 
440: 437 438 439 441 442 443 
441: 438 439 440 442 443 444 
442: 439 440 441 443 444 445 
443: 440 441 442 444 445 446 
444: 441 442 443 445 446 447 625 
445: 442 443 444 446 447 448 
446: 443 444 445 447 448 449 
447: 444 445 446 448 449 450 
625: 444 622 623 624 626 627 628 
448: 445 446 447 449 450 451 
449: 446 447 448 450 451 452 
450: 447 448 449 451 452 453 
451: 448 449 450 452 453 454 
452: 449 450 451 453 454 455 539 
453: 450 451 452 454 455 456 
454: 451 452 453 455 456 457 
455: 452 453 454 456 457 458 
539: 452 536 537 538 540 541 542 766 
456: 453 454 455 457 458 459 
458: 455 456 457 459 460 461 
460: 457 458 459 461 462 463 644 
461: 458 459 460 462 463 464 
462: 459 460 461 463 464 465 
644: 460 641 642 643 645 646 647 
464: 461 462 463 465 466 467 
465: 462 463 464 466 467 468 
466: 463 464 465 467 468 469 
467: 464 465 466 468 469 470 
468: 465 466 467 469 470 471 876 
469: 466 467 468 470 471 472 
470: 467 468 469 471 472 473 823 
471: 468 469 470 472 473 474 
472: 469 470 471 473 474 475 
823: 470 820 821 822 824 825 826 851 
474: 471 472 473 475 476 477 
475: 472 473 474 476 477 478 
476: 473 474 475 477 478 479 
477: 474 475 476 478 479 480 
479: 476 477 478 480 481 482 
480: 477 478 479 481 482 483 
481: 478 479 480 482 483 484 
483: 480 481 482 484 485 486 
484: 481 482 483 485 486 487 
485: 482 483 484 486 487 488 
486: 483 484 485 487 488 489 
487: 484 485 486 488 489 490 
488: 485 486 487 489 490 491 
489: 486 487 488 490 491 492 526 
490: 487 488 489 491 492 493 
491: 488 489 490 492 493 494 826 
492: 489 490 491 493 494 495 
526: 489 523 524 525 527 528 529 
494: 491 492 493 495 496 497 
826: 491 823 824 825 827 828 829 
495: 492 493 494 496 497 498 
496: 493 494 495 497 498 499 
556: 493 553 554 555 557 558 559 
497: 494 495 496 498 499 500 
500: 497 498 499 501 502 503 
501: 498 499 500 502 503 504 
502: 499 500 501 503 504 505 
503: 500 501 502 504 505 506 
504: 501 502 503 505 506 507 
505: 502 503 504 506 507 508 
506: 503 504 505 507 508 509 
507: 504 505 506 508 509 510 
508: 505 506 507 509 510 511 
509: 506 507 508 510 511 512 
510: 507 508 509 511 512 513 
511: 508 509 510 512 513 514 
512: 509 510 511 513 514 515 
514: 511 512 513 515 516 517 
515: 512 513 514 516 517 518 
516: 513 514 515 517 518 519 791 
517: 514 515 516 518 519 520 
518: 515 516 517 519 520 521 589 
519: 516 517 518 520 521 522 
791: 516 788 789 790 792 793 794 
520: 517 518 519 521 522 523 
521: 518 519 520 522 523 524 557 856 
589: 518 586 587 588 590 591 592 
522: 519 520 521 523 524 525 
523: 520 521 522 524 525 526 
557: 521 554 555 556 558 559 560 
856: 521 853 854 855 857 858 859 
525: 522 523 524 526 527 528 
527: 524 525 526 528 529 530 
528: 525 526 527 529 530 531 711 
529: 526 527 528 530 531 532 
530: 527 528 529 531 532 533 612 
531: 528 529 530 532 533 534 
711: 528 708 709 710 712 713 714 
532: 529 530 531 533 534 535 865 
533: 530 531 532 534 535 536 
612: 530 609 610 611 613 614 615 
534: 531 532 533 535 536 537 
535: 532 533 534 536 537 538 
865: 532 862 863 864 866 867 868 
536: 533 534 535 537 538 539 
537: 534 535 536 538 539 540 
538: 535 536 537 539 540 541 
540: 537 538 539 541 542 543 
541: 538 539 540 542 543 544 
542: 539 540 541 543 544 545 
766: 539 763 764 765 767 768 769 
543: 540 541 542 544 545 546 
544: 541 542 543 545 546 547 
546: 543 544 545 547 548 549 
547: 544 545 546 548 549 550 
549: 546 547 548 550 551 552 
550: 547 548 549 551 552 553 
551: 548 549 550 552 553 554 
553: 550 551 552 554 555 556 
554: 551 552 553 555 556 557 
555: 552 553 554 556 557 558 
559: 556 557 558 560 561 562 
560: 557 558 559 561 562 563 
562: 559 560 561 563 564 565 
563: 560 561 562 564 565 566 
564: 561 562 563 565 566 567 
668: 561 665 666 667 669 670 671 
565: 562 563 564 566 567 568 
566: 563 564 565 567 568 569 
567: 564 565 566 568 569 570 
568: 565 566 567 569 570 571 
569: 566 567 568 570 571 572 
570: 567 568 569 571 572 573 
571: 568 569 570 572 573 574 
572: 569 570 571 573 574 575 
573: 570 571 572 574 575 576 
574: 571 572 573 575 576 577 
575: 572 573 574 576 577 578 
576: 573 574 575 577 578 579 
578: 575 576 577 579 580 581 
579: 576 577 578 580 581 582 
581: 578 579 580 582 583 584 
582: 579 580 581 583 584 585 
583: 580 581 582 584 585 586 
584: 581 582 583 585 586 587 
585: 582 583 584 586 587 588 
586: 583 584 585 587 588 589 
587: 584 585 586 588 589 590 
588: 585 586 587 589 590 591 
590: 587 588 589 591 592 593 
591: 588 589 590 592 593 594 
593: 590 591 592 594 595 596 706 
595: 592 593 594 596 597 598 
596: 593 594 595 597 598 599 
706: 593 703 704 705 707 708 709 
599: 596 597 598 600 601 602 
600: 597 598 599 601 602 603 
601: 598 599 600 602 603 604 670 
602: 599 600 601 603 604 605 
603: 600 601 602 604 605 606 
604: 601 602 603 605 606 607 
670: 601 667 668 669 671 672 673 
605: 602 603 604 606 607 608 
606: 603 604 605 607 608 609 842 
607: 604 605 606 608 609 610 
608: 605 606 607 609 610 611 687 
609: 606 607 608 610 611 612 
842: 606 626 839 840 841 843 844 845 
611: 608 609 610 612 613 614 
687: 608 684 685 686 688 689 690 
613: 610 611 612 614 615 616 
614: 611 612 613 615 616 617 741 
615: 612 613 614 616 617 618 
616: 613 614 615 617 618 619 
617: 614 615 616 618 619 620 
618: 615 616 617 619 620 621 839 
619: 616 617 618 620 621 622 
620: 617 618 619 621 622 623 
621: 618 619 620 622 623 624 
839: 618 836 837 838 840 841 842 
622: 619 620 621 623 624 625 
623: 620 621 622 624 625 626 
624: 621 622 623 625 626 627 
627: 624 625 626 628 629 630 
628: 625 626 627 629 630 631 
629: 626 627 628 630 631 632 
630: 627 628 629 631 632 633 
631: 628 629 630 632 633 634 
632: 629 630 631 633 634 635 
633: 630 631 632 634 635 636 
634: 631 632 633 635 636 637 768 
636: 633 634 635 637 638 639 
637: 634 635 636 638 639 640 
768: 634 765 766 767 769 770 771 
638: 635 636 637 639 640 641 
639: 636 637 638 640 641 642 
641: 638 639 640 642 643 644 
642: 639 640 641 643 644 645 
643: 640 641 642 644 645 646 
645: 642 643 644 646 647 648 
646: 643 644 645 647 648 649 
647: 644 645 646 648 649 650 
649: 646 647 648 650 651 652 
650: 647 648 649 651 652 653 
651: 648 649 650 652 653 654 
652: 649 650 651 653 654 655 
653: 650 651 652 654 655 656 
654: 651 652 653 655 656 657 
655: 652 653 654 656 657 658 
657: 654 655 656 658 659 660 
658: 655 656 657 659 660 661 
659: 656 657 658 660 661 662 
660: 657 658 659 661 662 663 
662: 659 660 661 663 664 665 
663: 660 661 662 664 665 666 
666: 663 664 665 667 668 669 
667: 664 665 666 668 669 670 
852: 664 849 850 851 853 854 855 
669: 666 667 668 670 671 672 
671: 668 669 670 672 673 674 
672: 669 670 671 673 674 675 
674: 671 672 673 675 676 677 
676: 673 674 675 677 678 679 
677: 674 675 676 678 679 680 
678: 675 676 677 679 680 681 
679: 676 677 678 680 681 682 
681: 678 679 680 682 683 684 
682: 679 680 681 683 684 685 
683: 680 681 682 684 685 686 
684: 681 682 683 685 686 687 
685: 682 683 684 686 687 688 
686: 683 684 685 687 688 689 
688: 685 686 687 689 690 691 
689: 686 687 688 690 691 692 
690: 687 688 689 691 692 693 
691: 688 689 690 692 693 694 
692: 689 690 691 693 694 695 
693: 690 691 692 694 695 696 
694: 691 692 693 695 696 697 
695: 692 693 694 696 697 698 
696: 693 694 695 697 698 699 
698: 695 696 697 699 700 701 
699: 696 697 698 700 701 702 
700: 697 698 699 701 702 703 
701: 698 699 700 702 703 704 
702: 699 700 701 703 704 705 
703: 700 701 702 704 705 706 
704: 701 702 703 705 706 707 
705: 702 703 704 706 707 708 
707: 704 705 706 708 709 710 
709: 706 707 708 710 711 712 
710: 707 708 709 711 712 713 
712: 709 710 711 713 714 715 
713: 710 711 712 714 715 716 
714: 711 712 713 715 716 717 793 
715: 712 713 714 716 717 718 
717: 714 715 716 718 719 720 
793: 714 790 791 792 794 795 796 
718: 715 716 717 719 720 721 
719: 716 717 718 720 721 722 
720: 717 718 719 721 722 723 
721: 718 719 720 722 723 724 761 
722: 719 720 721 723 724 725 
723: 720 721 722 724 725 726 
724: 721 722 723 725 726 727 
761: 721 758 759 760 762 763 764 
725: 722 723 724 726 727 728 
726: 723 724 725 727 728 729 
727: 724 725 726 728 729 730 
728: 725 726 727 729 730 731 
729: 726 727 728 730 731 732 
730: 727 728 729 731 732 733 
731: 728 729 730 732 733 734 
732: 729 730 731 733 734 735 
734: 731 732 733 735 736 737 
735: 732 733 734 736 737 738 
736: 733 734 735 737 738 739 
737: 734 735 736 738 739 740 
738: 735 736 737 739 740 741 
739: 736 737 738 740 741 742 
740: 737 738 739 741 742 743 
743: 740 741 742 744 745 746 
744: 741 742 743 745 746 747 861 873 
746: 743 744 745 747 748 749 
747: 744 745 746 748 749 750 
873: 744 870 871 872 874 875 876 
748: 745 746 747 749 750 751 
749: 746 747 748 750 751 752 
750: 747 748 749 751 752 753 
752: 749 750 751 753 754 755 
753: 750 751 752 754 755 756 
754: 751 752 753 755 756 757 
755: 752 753 754 756 757 758 
756: 753 754 755 757 758 759 
757: 754 755 756 758 759 760 
758: 755 756 757 759 760 761 
759: 756 757 758 760 761 762 
760: 757 758 759 761 762 763 
762: 759 760 761 763 764 765 
763: 760 761 762 764 765 766 
764: 761 762 763 765 766 767 
765: 762 763 764 766 767 768 
767: 764 765 766 768 769 770 
769: 766 767 768 770 771 772 
770: 767 768 769 771 772 773 
771: 768 769 770 772 773 774 
772: 769 770 771 773 774 775 
773: 770 771 772 774 775 776 
774: 771 772 773 775 776 777 
776: 773 774 775 777 778 779 
777: 774 775 776 778 779 780 
778: 775 776 777 779 780 781 
779: 776 777 778 780 781 782 
780: 777 778 779 781 782 783 
781: 778 779 780 782 783 784 
782: 779 780 781 783 784 785 
783: 780 781 782 784 785 786 
784: 781 782 783 785 786 787 
785: 782 783 784 786 787 788 
787: 784 785 786 788 789 790 
788: 785 786 787 789 790 791 
789: 786 787 788 790 791 792 
792: 789 790 791 793 794 795 
794: 791 792 793 795 796 797 
795: 792 793 794 796 797 798 
796: 793 794 795 797 798 799 
799: 796 797 798 800 801 802 
800: 797 798 799 801 802 803 
801: 798 799 800 802 803 804 
802: 799 800 801 803 804 805 
803: 800 801 802 804 805 806 
804: 801 802 803 805 806 807 
805: 802 803 804 806 807 808 
806: 803 804 805 807 808 809 
808: 805 806 807 809 810 811 
809: 806 807 808 810 811 812 
810: 807 808 809 811 812 813 
811: 808 809 810 812 813 814 
814: 811 812 813 815 816 817 
815: 812 813 814 816 817 818 
816: 813 814 815 817 818 819 832 
817: 814 815 816 818 819 820 
818: 815 816 817 819 820 821 
832: 816 829 830 831 833 834 835 
821: 818 819 820 822 823 824 
822: 819 820 821 823 824 825 
824: 821 822 823 825 826 827 
825: 822 823 824 826 827 828 
851: 823 848 849 850 852 853 854 
827: 824 825 826 828 829 830 
828: 825 826 827 829 830 831 
829: 826 827 828 830 831 832 
830: 827 828 829 831 832 833 
833: 830 831 832 834 835 836 
835: 832 833 834 836 837 838 
836: 833 834 835 837 838 839 
837: 834 835 836 838 839 840 
838: 835 836 837 839 840 841 
840: 837 838 839 841 842 843 
841: 838 839 840 842 843 844 
843: 840 841 842 844 845 846 
844: 841 842 843 845 846 847 
845: 842 843 844 846 847 848 
846: 843 844 845 847 848 849 
847: 844 845 846 848 849 850 
848: 845 846 847 849 850 851 
849: 846 847 848 850 851 852 
850: 847 848 849 851 852 853 
853: 850 851 852 854 855 856 
854: 851 852 853 855 856 857 
855: 852 853 854 856 857 858 
857: 854 855 856 858 859 860 
858: 855 856 857 859 860 861 
859: 856 857 858 860 861 862 
860: 857 858 859 861 862 863 
862: 859 860 861 863 864 865 
864: 861 862 863 865 866 867 
866: 863 864 865 867 868 869 
867: 864 865 866 868 869 870 
868: 865 866 867 869 870 871 
869: 866 867 868 870 871 872 
870: 867 868 869 871 872 873 
871: 868 869 870 872 873 874 
872: 869 870 871 873 874 875 
874: 871 872 873 875 876 877 
875: 872 873 874 876 877 878 
