100
0: 1 2 3 4 5 6 8 9 11 15 16 17 19 20 23 29 32 33 34 36 37 38 44 45 49 51 56 59 76 77 80 84 85 88 90 95 97 
1: 0 
2: 0 4 5 6 9 10 13 14 21 22 24 25 27 29 30 33 42 45 55 70 75 79 99 
3: 0 4 5 6 7 8 9 11 12 15 16 18 19 23 25 28 30 31 33 34 40 41 47 53 54 58 59 70 75 78 82 91 
4: 0 2 3 7 10 12 18 21 26 50 55 84 91 96 
5: 0 2 3 7 8 14 16 20 25 28 38 49 51 53 96 
6: 0 2 3 13 14 15 23 32 35 43 47 48 51 60 71 
7: 3 4 5 11 17 44 71 
8: 0 3 5 22 35 46 54 90 94 
9: 0 2 3 10 17 20 53 63 
10: 9 2 4 12 19 26 36 68 77 85 
11: 0 3 7 13 32 37 43 61 71 76 84 
12: 10 3 4 21 26 31 40 41 46 52 63 66 
13: 2 11 6 
14: 2 5 6 24 27 39 52 55 60 64 85 
15: 0 3 6 24 29 69 
16: 0 3 5 18 35 39 86 89 
17: 0 9 7 
18: 16 3 4 22 65 
19: 0 10 3 52 62 73 79 88 
20: 0 9 5 31 68 86 
21: 2 12 4 27 62 
22: 8 18 2 30 36 46 48 58 67 80 
23: 0 3 6 67 
24: 2 14 15 41 
25: 2 3 5 64 80 
26: 10 12 4 28 44 70 74 
27: 2 21 14 56 79 
28: 26 3 5 
29: 0 2 15 39 40 62 87 
30: 2 3 22 48 65 66 
31: 3 12 20 61 93 
32: 0 11 6 42 60 64 95 
33: 0 2 3 34 37 49 83 
34: 0 33 3 43 94 
35: 8 16 6 38 42 50 58 81 82 
36: 0 10 22 88 
37: 0 33 11 47 59 74 78 96 
38: 0 35 5 45 56 65 
39: 16 29 14 78 
40: 3 12 29 
41: 24 3 12 57 63 68 69 
42: 32 2 35 
43: 34 11 6 57 98 
44: 0 26 7 81 92 
45: 0 2 38 
46: 8 12 22 67 
47: 3 37 6 99 
48: 30 6 22 50 82 87 89 
49: 0 33 5 54 
50: 48 35 4 
51: 0 5 6 81 
52: 19 12 14 66 75 
53: 9 3 5 
54: 8 49 3 76 
55: 2 4 14 
56: 0 27 38 57 72 
57: 56 41 43 61 
58: 3 35 22 94 98 
59: 0 3 37 
60: 32 6 14 89 
61: 57 11 31 72 73 83 99 
62: 21 19 29 
63: 9 12 41 72 90 93 
64: 32 25 14 
65: 18 38 30 
66: 52 12 30 
67: 46 22 23 73 77 86 
68: 41 10 20 69 97 
69: 41 68 15 
70: 3 26 2 
71: 11 6 7 74 
72: 56 61 63 
73: 67 19 61 93 
74: 26 37 71 
75: 2 3 52 91 
76: 0 11 54 83 
77: 0 10 67 
78: 3 37 39 
79: 19 2 27 
80: 0 25 22 
81: 51 35 44 
82: 48 3 35 
83: 33 76 61 
84: 0 11 4 
85: 0 10 14 
86: 16 67 20 87 
87: 48 29 86 
88: 0 19 36 95 
89: 16 48 60 92 98 
90: 8 0 63 92 
91: 3 75 4 
92: 89 90 44 
93: 73 63 31 97 
94: 8 34 58 
95: 32 0 88 
96: 5 4 37 
97: 0 68 93 
98: 89 58 43 
99: 2 61 47 
